chrom start end len sample orig_label pred_hard pred_soft pred_nobias confidence_hard_over_second confidence_soft_over_hard confidence_nobias_over_hard second_hard group
chr1 10001 535987 525.986 NA12878 all 1|0 2020 0130 13.15 8.04 30.23 0|0 all
chr1 13084311 13146491 62.18 NA12878 all nomappability nomappability nomappability 100 0 0 nomappability all
chr1 13190914 13324586 133.672 NA12878 all nomappability nomappability nomappability 100 0 0 nomappability all
chr1 16554206 16654023 99.817 NA12878 all 1|1 2020 2200 6.26 258 311.94 1|0 all
chr1 16653300 16795670 142.37 NA12878 all 0|0 2020 2020 25.07 164.03 164.03 1|0 all
chr1 16657296 16696568 39.272 NA12878 all 0|0 2020 1030 9.41 19.7 20.05 1|0 all
chr1 16838932 16946929 107.997 NA12878 all 0|0 2020 2020 136.67 157.59 157.59 0|1 all
chr1 21203897 21204759 0.862 NA12878 all 0|0 0|0 0|0 3.07 0 0 1|0 all
chr1 25338355 25362421 24.066 NA12878 all 0|0 0|0 0|0 59.34 0 0 1|0 all
chr1 26639852 26648176 8.324 NA12878 all 1|1 1|1 0202 11.6 0 6.13 1|0 all
chr1 39511548 39776456 264.908 NA12878 all 0|0 2010 2010 759.88 60.96 60.96 0|1 all
chr1 43593625 43594335 0.71 NA12878 all 1|1 1011 2200 0.56 1.64 2.22 1|0 all
chr1 46870365 47099487 229.122 NA12878 all 0|0 2020 2020 475.04 238.13 238.13 1|0 all
chr1 60775307 60780330 5.023 NA12878 all 0|0 2020 2020 5.56 6.98 6.98 1|0 all
chr1 69933974 69948768 14.794 NA12878 all 0|0 0|0 0|0 40.08 0 0 1|0 all
chr1 81642913 81709530 66.617 NA12878 all 0|0 0|0 0|0 201.26 0 0 1|0 all
chr1 91666257 91667097 0.84 NA12878 all 0|0 0000 0000 0 1.81 1.81 1|0 all
chr1 103669872 103682039 12.167 NA12878 all nomappability nomappability nomappability 100 0 0 nomappability all
chr1 108311807 108368924 57.117 NA12878 all 1|0 1|0 1|0 135.54 0 0 1|1 all
chr1 120299058 120600965 301.907 NA12878 all 1|0 2020 0220 7.71 3.91 17.23 1|1 all
chr1 143329317 143523320 194.003 NA12878 all 0|0 2020 2020 6 13.17 13.17 0|1 all
chr1 143558088 143704592 146.504 NA12878 all 0|0 2020 2020 296.69 124.17 124.17 1|0 all
chr1 144376209 144600799 224.59 NA12878 all 1|0 1110 0310 11.38 2.89 22.86 1|1 all
chr1 145160434 146154520 994.086 NA12878 all 0|0 2020 2020 1022.49 1100.75 1100.75 1|0 all
chr1 146298109 148672872 2374.763 NA12878 all 1|1 1|1 0202 2958.59 0 3148.17 0|1 all
chr1 148280432 148303584 23.152 NA12878 all 1|1 1|1 0202 23.59 0 37.45 1|0 all
chr1 148893781 149265643 371.862 NA12878 all 1|1 2020 0202 15.52 54.79 119.87 0|1 all
chr1 149842161 149851668 9.507 NA12878 all 0|0 0|0 0|0 18.25 0 0 1|0 all
chr1 152208989 152251507 42.518 NA12878 all 0|0 0|0 0|0 128.34 0 0 1|0 all
chr1 161368111 161476251 108.14 NA12878 all 0|0 2020 2020 244.48 35.75 35.75 0|1 all
chr1 172409040 172422820 13.78 NA12878 all 0|0 0|0 0|0 42.77 0 0 0|1 all
chr1 197787660 197788857 1.197 NA12878 all 1|0 1110 0220 3 1.59 2.89 0|0 all
chr1 224011798 224016559 4.761 NA12878 all 0|0 2020 2110 1.3 26.41 30.59 1|0 all
chr1 227492703 227508429 15.726 NA12878 all 0|0 2020 2020 21.44 29.46 29.46 1|0 all
chr1 234204870 234222346 17.476 NA12878 all 0|0 2020 2020 37.93 32.08 32.08 1|0 all
chr1 234776165 234783414 7.249 NA12878 all 0|0 2020 2200 1.22 49.35 65.47 1|0 all
chr1 247661377 248128772 467.395 NA12878 all 0|0 0|0 0|0 1272.71 0 0 1|0 all
chr1 248128773 248428856 300.083 NA12878 all 0|0 0|0 0|0 600.81 0 0 1|0 all
chr1 248517893 248530773 12.88 NA12878 all 1|1 1|1 0202 19.37 0 7.03 1|0 all
chr10 4961363 5008498 47.135 NA12878 all 1|0 1110 0220 39.08 19.05 44.88 0|0 all
chr10 15742644 15760586 17.942 NA12878 all 0|0 0|0 0|0 61.24 0 0 0|1 all
chr10 26620617 26626387 5.77 NA12878 all 0|0 1011 2100 2.66 2.58 2.58 0|1 all
chr10 37102554 37113711 11.157 NA12878 all 0|0 2020 2020 23.47 18.86 18.86 1|0 all
chr10 45876422 46133420 256.998 NA12878 all 0|0 2020 2020 388.23 274.86 274.86 0|1 all
chr10 46135868 46213514 77.646 NA12878 all 0|0 2020 2020 54.33 57.75 57.75 0|1 all
chr10 46213494 46283272 69.778 NA12878 all 0|0 2020 2020 206.96 78.69 78.69 0|1 all
chr10 46499871 46572046 72.175 NA12878 all 0|1 2020 3100 1.45 174.4 236.44 0|0 all
chr10 46769328 46857141 87.813 NA12878 all 0|0 2020 0040 0.99 9.31 18.16 1|0 all
chr10 46983451 47468232 484.781 NA12878 all 1|0 1|0 0220 1649.56 0 234.64 1|1 all
chr10 46986412 47180342 193.93 NA12878 all 1|0 1|0 0210 647.87 0 57.39 1|1 all
chr10 47480263 47546423 66.16 NA12878 all 0|0 0000 0000 0 0.9 0.9 1|1 all
chr10 47649265 47756785 107.52 NA12878 all 1|0 2020 0220 4.15 2.93 8.83 0|0 all
chr10 47983093 48044442 61.349 NA12878 all nomappability nomappability nomappability 100 0 0 nomappability all
chr10 48145863 49845441 1699.578 NA12878 all 0|0 1020 1020 5795.09 251.46 251.46 1|0 all
chr10 50174569 50738721 564.152 NA12878 all 0|0 0|0 0|0 1572.71 0 0 0|1 all
chr10 54755439 54777524 22.085 NA12878 all 0|0 0|0 0|0 59.02 0 0 0|1 all
chr10 55007453 55012822 5.369 NA12878 all 0|0 1000 1000 15.53 0.46 0.46 0|1 all
chr10 57469179 57499067 29.888 NA12878 all 0|0 0|0 0|0 91.91 0 0 1|0 all
chr10 65465441 65470020 4.579 NA12878 all 0|0 0|0 0|0 17.02 0 0 1|0 all
chr10 71065990 71068605 2.615 NA12878 all 0|0 2020 2020 9.42 6.88 6.88 1|0 all
chr10 71132055 71145558 13.503 NA12878 all 0|0 2020 2020 49.91 18.01 18.01 1|0 all
chr10 73657969 73660146 2.177 NA12878 all 0|0 2020 2020 6.37 1.62 1.62 1|0 all
chr10 79526935 79817244 290.309 NA12878 all 0|0 2020 2020 342.92 421.84 421.84 0|1 all
chr10 87308005 87425030 117.025 NA12878 all 0|0 2020 4000 2.19 12.38 23.16 0|1 all
chr10 91440444 91449177 8.733 NA12878 all 1|1 1|1 0202 6.09 0 10.94 0|1 all
chr10 102611073 102620416 9.343 NA12878 all 0|0 2020 2020 33.94 7.79 7.79 1|0 all
chr10 103197204 103206258 9.054 NA12878 all 0|0 0|0 0|0 29.49 0 0 1|0 all
chr10 103616975 103622336 5.361 NA12878 all 0|0 2020 2020 21.29 8.7 8.7 0|1 all
chr10 113411928 113412284 0.356 NA12878 all 0|0 0000 0000 0 1.81 1.81 1|1 all
chr10 131619518 131621039 1.521 NA12878 all 0|0 2020 1120 1.23 3.34 4.21 1|0 all
chr10 132800265 132891417 91.152 NA12878 all 0|0 2020 2020 242.29 46.23 46.23 0|1 all
chr10 133657262 133787421 130.159 NA12878 all 0|0 2020 2110 0.49 9.8 10.89 1|0 all
chr11 310145 320447 10.302 NA12878 all 0|0 2020 2020 13.54 10.69 10.69 0|1 all
chr11 738459 741109 2.65 NA12878 all 1|0 1|0 1|0 8.25 0 0 0|0 all
chr11 1661291 1685735 24.444 NA12878 all nomappability nomappability nomappability 100 0 0 nomappability all
chr11 1894042 1915725 21.683 NA12878 all 1|1 1|1 1|1 63.69 0 0 1|0 all
chr11 4271709 4289557 17.848 NA12878 all nomappability nomappability nomappability 100 0 0 nomappability all
chr11 18246599 18268271 21.672 NA12878 all 0|0 2020 2020 41.64 12.27 12.27 0|1 all
chr11 24263184 24263576 0.392 NA12878 all 0|0 1020 1030 2.37 0.7 0.84 1|0 all
chr11 48849290 48878471 29.181 NA12878 all 0|0 2020 2020 62.34 25.84 25.84 0|1 all
chr11 48880391 48899981 19.59 NA12878 all 0|0 2020 1030 9.28 11.41 11.43 1|0 all
chr11 49714144 49729098 14.954 NA12878 all 1|1 1|1 0202 12.02 0 15.55 0|1 all
chr11 50136370 50342874 206.504 NA12878 all 0|0 2010 2010 496.72 56.9 56.9 0|1 all
chr11 50139496 50258448 118.952 NA12878 all 0|0 2010 2010 278.81 40.92 40.92 0|1 all
chr11 55662739 55666690 3.951 NA12878 all 0|1 0|1 0|1 13.38 0 0 0|0 all
chr11 62094123 62101896 7.773 NA12878 all 1|1 1|1 0201 4.33 0 0.31 1|0 all
chr11 66251211 66252463 1.252 NA12878 all 0|0 1020 1020 4.99 0.07 0.07 1|0 all
chr11 67937767 67983143 45.376 NA12878 all 0|0 2020 2020 19.29 59.64 59.64 0|1 all
chr11 71571190 71578169 6.979 NA12878 all 0|0 2020 2020 24.47 5.44 5.44 0|1 all
chr11 89920624 89923847 3.223 NA12878 all 0|0 0|0 0|0 5.09 0 0 1|0 all
chr11 115325112 115346068 20.956 NA12878 all 0|0 0|0 0|0 66.12 0 0 1|0 all
chr12 10001 59267 49.266 NA12878 all 0|0 2020 2020 4.29 7.3 7.3 1|0 all
chr12 9352521 9383188 30.667 NA12878 all 0|0 2010 2010 95.77 11.11 11.11 0|1 all
chr12 12391906 12393618 1.712 NA12878 all 1|1 1|1 0201 3.21 0 0.18 1|0 all
chr12 13392051 13398213 6.162 NA12878 all nomappability nomappability nomappability 100 0 0 nomappability all
chr12 17771300 17858371 87.071 NA12878 all 1|1 1|1 1|1 213.95 0 0 1|0 all
chr12 17860248 18029856 169.608 NA12878 all 0|0 0|0 0|0 463.09 0 0 0|1 all
chr12 21609548 21623450 13.902 NA12878 all 0|0 0|0 0|0 38.11 0 0 1|0 all
chr12 46897662 46913950 16.288 NA12878 all 0|0 0|0 0|0 43.98 0 0 1|0 all
chr12 71546143 71547795 1.652 NA12878 all 1|0 1|0 0120 5.19 0 0.66 0|0 all
chr12 75713180 75731794 18.614 NA12878 all 0|0 0|0 0|0 51.57 0 0 0|1 all
chr12 80451355 80454331 2.976 NA12878 all nomappability nomappability nomappability 100 0 0 nomappability all
chr12 80461776 80464616 2.84 NA12878 all 1|1 1|1 0200 1.58 0 0 1|0 all
chr12 86846385 86859166 12.781 NA12878 all 1|1 1|1 1|1 26.97 0 0 0|1 all
chr12 131295603 131312193 16.59 NA12878 all 0|0 2020 2020 8.78 22.84 22.84 1|0 all
chr12 131312081 131644839 332.758 NA12878 all 0|0 2020 2020 753.07 454.74 454.74 1|0 all
chr12 131333943 131623807 289.864 NA12878 all 0|0 2020 2020 652.42 405.11 405.11 1|0 all
chr13 37314465 37318500 4.035 NA12878 all 0|0 2020 2020 13.95 6.34 6.34 0|1 all
chr13 48199210 48206661 7.451 NA12878 all 0|0 2020 2020 13.09 14.13 14.13 1|0 all
chr13 52310302 52320954 10.652 NA12878 all 0|0 2020 2020 24.8 17.17 17.17 0|1 all
chr13 52344010 52502256 158.246 NA12878 all 0|0 0|0 0|0 317.08 0 0 1|0 all
chr13 53902573 54093373 190.8 NA12878 all 0|0 0|0 0|0 534.83 0 0 1|0 all
chr13 57131702 57169579 37.877 NA12878 all 0|0 2020 2020 22.33 16.21 16.21 0|1 all
chr13 63048102 63068468 20.366 NA12878 all 0|0 0|0 0|0 17.54 0 0 1|0 all
chr13 63717416 63838195 120.779 NA12878 all 0|0 2020 2020 98.6 107.6 107.6 1|0 all
chr13 64598737 64616218 17.481 NA12878 all 0|0 1000 1000 38.81 12.97 12.97 0|1 all
chr13 79822251 79839841 17.59 NA12878 all 0|0 2010 2010 41 6.53 6.53 0|1 all
chr13 97456278 97456715 0.437 NA12878 all 0|0 1000 2000 0.27 0.55 0.93 0|1 all
chr13 112998711 113007517 8.806 NA12878 all 0|0 2020 2020 25.85 8.62 8.62 1|0 all
chr14 18656061 18862643 206.582 NA12878 all 0|0 2020 2110 26.21 143.92 145.43 1|0 all
chr14 18862645 19659006 796.361 NA12878 all 1|1 2020 1201 0.72 32.46 37.8 0|1 all
chr14 19726390 19956169 229.779 NA12878 all 0|0 1020 1020 508.3 20.71 20.71 1|0 all
chr14 34540581 34562455 21.874 NA12878 all 0|1 0|1 2002 33.78 0 21.18 1|1 all
chr14 39192715 39199437 6.722 NA12878 all 0|0 0010 0010 8.18 1.62 1.62 1|0 all
chr14 60604530 60613248 8.718 NA12878 all 0|0 2020 2020 13.09 10.01 10.01 1|0 all
chr14 65375817 65376697 0.88 NA12878 all 0|0 0|0 0|0 2.67 0 0 0|1 all
chr14 73570905 73578016 7.111 NA12878 all 0|0 2020 2110 3.8 10.81 11.4 1|0 all
chr14 85872200 85889269 17.069 NA12878 all 0|0 2010 2010 41.87 4.64 4.64 0|1 all
chr14 104698269 104707044 8.775 NA12878 all 0|0 2020 2020 23.21 9.37 9.37 0|1 all
chr14 105571549 105580545 8.996 NA12878 all nomappability nomappability nomappability 100 0 0 nomappability all
chr14 105692000 105699875 7.875 NA12878 all nomappability nomappability nomappability 100 0 0 nomappability all
chr14 105710125 105896979 186.854 NA12878 all nomappability nomappability nomappability 100 0 0 nomappability all
chr14 105914709 106064136 149.427 NA12878 all nomappability nomappability nomappability 100 0 0 nomappability all
chr14 106369953 106583811 213.858 NA12878 all nomappability nomappability nomappability 100 0 0 nomappability all
chr15 22701127 23213881 512.754 NA12878 all 0|0 2020 2020 463 564.67 564.67 0|1 all
chr15 23295576 23318191 22.615 NA12878 all 1|1 1|1 0202 23.26 0 26.03 1|0 all
chr15 23345459 28389868 5044.409 NA12878 all 0|0 2010 2010 13642.59 394.23 394.23 0|1 all
chr15 25228117 25252402 24.285 NA12878 all 0|0 2020 2020 81.78 40.57 40.57 0|1 all
chr15 25542064 25606738 64.674 NA12878 all 0|0 0|0 0|0 209.09 0 0 0|1 all
chr15 26979173 27025303 46.13 NA12878 all 0|0 0|0 0|0 130.19 0 0 0|1 all
chr15 28298424 28623514 325.09 NA12878 all 0|0 2020 4000 4.06 3.62 3.62 1|0 all
chr15 28452052 28467860 15.808 NA12878 all nomappability nomappability nomappability 100 0 0 nomappability all
chr15 30434571 30531668 97.097 NA12878 all 1|0 2020 0040 0.2 5.38 10.58 0|0 all
chr15 30618103 32153204 1535.101 NA12878 all 1|0 2020 0220 5.87 4.43 15.27 1|1 all
chr15 32475960 32573159 97.199 NA12878 all 0|0 2020 0040 0.09 3.29 5.58 1|0 all
chr15 40291940 40299299 7.359 NA12878 all 0|0 2020 2020 26.63 12.07 12.07 0|1 all
chr15 40333146 40346934 13.788 NA12878 all 0|0 1020 1020 46.55 7.3 7.3 1|0 all
chr15 41834737 41857144 22.407 NA12878 all 0|0 2020 2020 78.33 20.15 20.15 1|0 all
chr15 45026828 45031545 4.717 NA12878 all 0|0 2020 2020 11.26 7.59 7.59 0|1 all
chr15 74421626 74425871 4.245 NA12878 all 0|0 2010 2010 15.84 1.77 1.77 0|1 all
chr15 75272758 75293490 20.732 NA12878 all nomappability nomappability nomappability 100 0 0 nomappability all
chr15 82330918 82357797 26.879 NA12878 all nomappability nomappability nomappability 100 0 0 nomappability all
chr15 82357917 82421341 63.424 NA12878 all nomappability nomappability nomappability 100 0 0 nomappability all
chr15 82360482 82515134 154.652 NA12878 all 0|0 2020 0040 0.08 4.81 8.62 1|0 all
chr15 84060652 84133549 72.897 NA12878 all 0|0 2020 2020 142.28 31.41 31.41 0|1 all
chr15 84373375 84416696 43.321 NA12878 all 0|0 2020 2020 34.59 67.16 67.16 1|0 all
chr15 101895316 101981188 85.872 NA12878 all 0|0 2020 3100 1.24 36.35 38.45 0|1 all
chr16 1226778 1255606 28.828 NA12878 all 1|1 1|1 0202 16.27 0 36.08 1|0 all
chr16 14907775 15028479 120.704 NA12878 all nomappability nomappability nomappability 100 0 0 nomappability all
chr16 15028480 15161831 133.351 NA12878 all 0|1 0|1 0004 0.62 0 16.31 1|1 all
chr16 15115787 15116443 0.656 NA12878 all nomappability nomappability nomappability 100 0 0 nomappability all
chr16 15308471 15312354 3.883 NA12878 all nomappability nomappability nomappability 100 0 0 nomappability all
chr16 15384482 16276146 891.664 NA12878 all 0|0 2020 2020 3.43 6.51 6.51 1|0 all
chr16 16631735 16637867 6.132 NA12878 all nomappability nomappability nomappability 100 0 0 nomappability all
chr16 16721273 18073542 1352.269 NA12878 all 0|0 2020 2020 3623.99 601.43 601.43 1|0 all
chr16 18337348 18356673 19.325 NA12878 all nomappability nomappability nomappability 100 0 0 nomappability all
chr16 20506046 20521893 15.847 NA12878 all 1|0 1|0 0210 50.26 0 0.6 1|1 all
chr16 21374580 21583510 208.93 NA12878 all 0|0 2020 2200 2.58 278.58 349.73 1|1 all
chr16 21583511 22432381 848.87 NA12878 all 1|1 1|1 0102 2077.57 0 92.33 0|1 all
chr16 21864964 22432381 567.417 NA12878 all 1|1 1|1 1|1 1549.99 0 0 0|1 all
chr16 22613939 22698804 84.865 NA12878 all 1|1 1011 2200 1.77 201.55 308.26 0|0 all
chr16 28471893 28637650 165.757 NA12878 all 0|0 2010 2010 420.38 21.96 21.96 0|1 all
chr16 28709344 28776487 67.143 NA12878 all nomappability nomappability nomappability 100 0 0 nomappability all
chr16 30328529 31959532 1631.003 NA12878 all 0|0 0|0 0|0 4343.34 0 0 0|1 all
chr16 32364220 32528442 164.222 NA12878 all 0|0 2020 1030 5.89 13.96 14.4 1|0 all
chr16 32755978 32879590 123.612 NA12878 all 0|1 2020 4000 0.08 3.48 6.13 0|0 all
chr16 32991171 33102750 111.579 NA12878 all 0|0 2020 2020 8.17 16.3 16.3 1|0 all
chr16 33958612 34274112 315.5 NA12878 all 0|0 2020 2110 185.15 845.7 923.4 1|0 all
chr16 34063951 34099271 35.32 NA12878 all 0|0 2020 2110 25.18 156.46 186.78 1|0 all
chr16 34507814 34520859 13.045 NA12878 all nomappability nomappability nomappability 100 0 0 nomappability all
chr16 34577841 34580535 2.694 NA12878 all nomappability nomappability nomappability 100 0 0 nomappability all
chr16 34591960 34595676 3.716 NA12878 all 0|0 2020 2110 1.08 16.7 17.36 1|0 all
chr16 35161917 35523542 361.625 NA12878 all 0|1 1011 1101 14.39 348.85 516.67 1|1 all
chr16 35230721 35523163 292.442 NA12878 all 1|1 1011 1101 70.77 255.81 421.95 0|1 all
chr16 35945423 35957846 12.423 NA12878 all 1|1 1|1 0202 16.81 0 17.26 0|1 all
chr16 48616945 48617439 0.494 NA12878 all 0|0 2010 2010 1.97 0.37 0.37 0|1 all
chr16 55780653 55808704 28.051 NA12878 all 0|0 2020 2020 17.91 43.2 43.2 0|1 all
chr16 70075643 70205976 130.333 NA12878 all 0|0 2020 2020 73.54 171.8 171.8 0|1 all
chr16 70129746 74336652 4206.906 NA12878 all 0|0 0|0 0|0 11177.65 0 0 0|1 all
chr16 70149552 70162881 13.329 NA12878 all 0|0 2010 2010 39.74 4.31 4.31 0|1 all
chr16 71931394 71951435 20.041 NA12878 all 0|0 0|0 0|0 54.91 0 0 0|1 all
chr16 74359728 75204677 844.949 NA12878 all 0|0 0|0 0|0 2102.31 0 0 0|1 all
chr16 75204854 75224098 19.244 NA12878 all 1|0 1|0 0210 39.81 0 2.42 1|1 all
chr16 85155143 85156196 1.053 NA12878 all 1|1 1|1 1101 1.92 0 0.89 0|1 all
chr16 89596697 89653322 56.625 NA12878 all 0|0 2010 2010 136.36 8.25 8.25 0|1 all
chr16 90117197 90328344 211.147 NA12878 all 0|1 2020 3100 0.35 17.24 19.35 0|0 all
chr17 10001 139264 129.263 NA12878 all nomappability nomappability nomappability 100 0 0 nomappability all
chr17 3052057 3252221 200.164 NA12878 all 0|0 2020 2020 439.19 106.62 106.62 0|1 all
chr17 5982216 5983729 1.513 NA12878 all 1|1 1|1 0400 0.33 0 3.12 1|0 all
chr17 16811812 16823489 11.677 NA12878 all 0|1 2020 3100 0.01 32.59 37.78 0|0 all
chr17 16823490 18384190 1560.7 NA12878 all 0|0 2010 2010 4949.45 383.91 383.91 0|1 all
chr17 18677351 18823795 146.444 NA12878 all 0|0 2020 2020 61.97 97.88 97.88 0|1 all
chr17 19037194 19231057 193.863 NA12878 all nomappability nomappability nomappability 100 0 0 nomappability all
chr17 21305697 21480257 174.56 NA12878 all 0|0 2020 2020 292.9 342.97 342.97 1|0 all
chr17 26935981 26941276 5.295 NA12878 all 0|0 2020 2200 1.3 56.76 63.43 1|0 all
chr17 30616356 30631089 14.733 NA12878 all 0|0 2020 4000 0.33 3.46 6.65 0|1 all
chr17 30750656 30797503 46.847 NA12878 all 0|0 0|0 0|0 81.34 0 0 1|0 all
chr17 36109569 36223772 114.203 NA12878 all nomappability nomappability nomappability 100 0 0 nomappability all
chr17 36324478 38179195 1854.717 NA12878 all 0|0 2020 4000 12.73 12.01 12.01 1|0 all
chr17 37415090 37415697 0.607 NA12878 all nomappability nomappability nomappability 100 0 0 nomappability all
chr17 37920275 38228843 308.568 NA12878 all 0|0 0000 0000 0 0.9 0.9 1|1 all
chr17 43231916 43325072 93.156 NA12878 all 1|1 1|1 0202 46.36 0 53.78 1|0 all
chr17 43263148 43322883 59.735 NA12878 all 1|1 1|1 0202 63.33 0 26.27 1|0 all
chr17 45573556 45585158 11.602 NA12878 all nomappability nomappability nomappability 100 0 0 nomappability all
chr17 45585159 46292045 706.886 NA12878 all 0|0 0000 0000 0 1.81 1.81 1|1 all
chr17 46141455 46494698 353.243 NA12878 all 0|0 0000 0000 0 0.9 0.9 1|1 all
chr17 46526506 47474713 948.207 NA12878 all 0|0 2020 2020 1768.29 632.04 632.04 1|0 all
chr17 60019739 60126879 107.14 NA12878 all 0|0 2020 2020 242.45 85.84 85.84 1|0 all
chr17 76181650 76183201 1.551 NA12878 all 0|0 0|0 1100 1.44 0 0.84 0|1 all
chr18 10001 112429 102.428 NA12878 all 0|0 2020 2020 22.58 96.12 96.12 1|0 all
chr18 12141484 12150115 8.631 NA12878 all 1|0 1110 0220 4.09 7.88 16.49 1|1 all
chr18 29783947 29784342 0.395 NA12878 all nomappability nomappability nomappability 100 0 0 nomappability all
chr18 79472840 79554015 81.175 NA12878 all 0|0 1020 1020 207.2 30.43 30.43 1|0 all
chr19 472044 573542 101.498 NA12878 all 0|0 1020 1020 265.62 9.79 9.79 1|0 all
chr19 7032609 7066151 33.542 NA12878 all 0|0 2020 2020 28.02 19.35 19.35 0|1 all
chr19 22749579 22773397 23.818 NA12878 all 0|0 0|0 0|0 58.58 0 0 1|0 all
chr19 36205169 36322017 116.848 NA12878 all 0|0 2020 2020 189.53 111.77 111.77 0|1 all
chr19 37191087 37309822 118.735 NA12878 all 0|0 1020 1020 262.72 2.9 2.9 1|0 all
chr19 38770267 38792422 22.155 NA12878 all 1|1 1|1 0202 43.13 0 8.34 1|0 all
chr19 43355095 43380389 25.294 NA12878 all 0|0 2020 2020 30.61 48.37 48.37 0|1 all
chr19 47914717 47958080 43.363 NA12878 all nomappability nomappability nomappability 100 0 0 nomappability all
chr19 47959660 50091195 2131.535 NA12878 all 0|0 0|0 0|0 6057.09 0 0 0|1 all
chr19 50098642 50120819 22.177 NA12878 all nomappability nomappability nomappability 100 0 0 nomappability all
chr19 50782522 50803563 21.041 NA12878 all 0|0 1020 1020 65.16 3.24 3.24 1|0 all
chr2 43415973 43436663 20.69 NA12878 all 0|0 0|0 0|0 66.87 0 0 1|0 all
chr2 45062768 45075744 12.976 NA12878 all 0|0 2020 2020 43.65 21.18 21.18 1|0 all
chr2 86709830 86848407 138.577 NA12878 all 0|0 2010 2010 297.58 28.38 28.38 0|1 all
chr2 87995841 88180536 184.695 NA12878 all 0|0 1020 1020 460.6 19.56 19.56 1|0 all
chr2 88859191 88898657 39.466 NA12878 all 1|1 0000 0100 67.08 7.89 37.64 1|0 all
chr2 88899440 89037761 138.321 NA12878 all 0|1 0|1 0|1 77.72 0 0 0|0 all
chr2 89330680 89851726 521.046 NA12878 all 0|1 2020 2200 0.01 1268.81 1521.05 1|0 all
chr2 90060918 90216479 155.561 NA12878 all 0|0 2020 3100 1.47 192.24 246.81 0|1 all
chr2 90286375 90379428 93.053 NA12878 all nomappability nomappability nomappability 100 0 0 nomappability all
chr2 95496990 95579795 82.805 NA12878 all 0|0 0|0 0|0 202.12 0 0 0|1 all
chr2 95800191 96024403 224.212 NA12878 all 0|0 2020 2020 99.53 202.83 202.83 1|0 all
chr2 97168744 97170236 1.492 NA12878 all 1|0 2020 2200 0.03 4.37 6.03 0|0 all
chr2 97340522 97369236 28.714 NA12878 all 0|0 2020 2020 52.94 44.69 44.69 1|0 all
chr2 108527821 109733036 1205.215 NA12878 all 0|0 1020 1020 3669.09 150.45 150.45 1|0 all
chr2 110095178 110276209 181.031 NA12878 all 0|1 0|1 2002 393.22 0 90.14 1|1 all
chr2 113578562 113598318 19.756 NA12878 all 0|0 2020 2110 0.54 9.09 10.16 0|1 all
chr2 123021127 123054324 33.197 NA12878 all 0|0 0|0 0|0 98.56 0 0 0|1 all
chr2 130138212 131200602 1062.39 NA12878 all 0|1 0|1 2002 2097.23 0 1166.94 1|1 all
chr2 130138212 131530534 1392.322 NA12878 all 0|1 0|1 2002 2402.56 0 1747.89 1|1 all
chr2 131278122 131330405 52.283 NA12878 all 0|1 1011 2002 13.16 15.7 39.73 0|0 all
chr2 132010109 132019709 9.6 NA12878 all 0|0 2020 0040 1.17 5.25 9.64 1|0 all
chr2 132266376 132272423 6.047 NA12878 all 0|0 2020 2020 9.02 20.52 20.52 0|1 all
chr2 138246732 138251742 5.01 NA12878 all 1|1 1|1 1|1 13.96 0 0 1|0 all
chr2 183704403 183706304 1.901 NA12878 all 1|0 0010 0010 3.27 0.06 0.06 0|0 all
chr2 215962718 215963440 0.722 NA12878 all 0|0 1020 1030 3.36 0.96 1.12 1|0 all
chr2 222147676 222150927 3.251 NA12878 all 0|0 1020 0040 1.02 1.52 3.14 1|0 all
chr2 236356296 236358973 2.677 NA12878 all 0|0 0000 0000 0 13.56 13.56 1|1 all
chr2 240674169 240700558 26.389 NA12878 all 0|1 2020 2002 9.26 24.75 42.85 0|0 all
chr2 242141115 242183528 42.413 NA12878 all 0|0 2020 2020 5.45 7.48 7.48 1|0 all
chr20 10001 67177 57.176 NA12878 all 0|0 2020 2200 0.72 112.52 123.5 1|0 all
chr20 10807399 10808853 1.454 NA12878 all 0|0 2020 2020 4.2 4.38 4.38 0|1 all
chr20 24397726 24406144 8.418 NA12878 all 0|0 0|0 0|0 23.95 0 0 1|0 all
chr20 25773808 26082700 308.892 NA12878 all 0|1 1011 2002 118.66 131.2 363.92 1|1 all
chr20 25846148 26009643 163.495 NA12878 all 0|1 1011 2002 124.95 67.37 251.96 1|1 all
chr20 35123878 35157836 33.958 NA12878 all 0|0 0|0 0|0 116.09 0 0 0|1 all
chr20 36964178 36982219 18.041 NA12878 all 0|0 2010 2010 37.05 5.18 5.18 0|1 all
chr20 45708067 45742446 34.379 NA12878 all 0|0 0|0 0|0 99.35 0 0 1|0 all
chr20 47827033 47904644 77.611 NA12878 all 0|0 2020 2020 121.79 146.05 146.05 1|0 all
chr20 63305450 63322138 16.688 NA12878 all 0|0 2020 2020 48.65 11.92 11.92 0|1 all
chr21 13205467 13221033 15.566 NA12878 all nomappability nomappability nomappability 100 0 0 nomappability all
chr21 13871269 13890664 19.395 NA12878 all 0|0 2020 2020 10.62 32.53 32.53 1|0 all
chr21 13992017 14057648 65.631 NA12878 all 0|0 2020 2020 94.87 45.97 45.97 0|1 all
chr21 19877734 20070170 192.436 NA12878 all 0|0 0|0 0|0 525.03 0 0 1|0 all
chr21 21558612 21610277 51.665 NA12878 all 0|0 0|0 0|0 144.26 0 0 1|0 all
chr21 26001838 26002385 0.547 NA12878 all 1|1 1|1 0202 2.93 0 0.9 1|0 all
chr21 26648369 26649408 1.039 NA12878 all 0|0 0|0 0|0 4.25 0 0 1|0 all
chr21 40023238 40038683 15.445 NA12878 all 1|1 1|1 0202 19.08 0 29.13 0|1 all
chr21 41409665 41425380 15.715 NA12878 all 0|0 2010 2010 35.97 2.5 2.5 0|1 all
chr21 43821742 43835116 13.374 NA12878 all 0|0 2010 2010 30.16 1.86 1.86 0|1 all
chr21 44827483 44875420 47.937 NA12878 all 0|0 0|0 0|0 116.14 0 0 1|0 all
chr22 15576909 15904656 327.747 NA12878 all 0|1 0|1 0004 0.94 0 16.88 1|1 all
chr22 17636863 17682321 45.458 NA12878 all 0|0 0|0 0|0 96.43 0 0 1|0 all
chr22 18239130 18945622 706.492 NA12878 all 0|0 2020 2020 27.33 56.44 56.44 1|0 all
chr22 21177506 21199407 21.901 NA12878 all nomappability nomappability nomappability 100 0 0 nomappability all
chr22 21201771 21280466 78.695 NA12878 all nomappability nomappability nomappability 100 0 0 nomappability all
chr22 21442677 21458620 15.943 NA12878 all 1|1 1|1 0102 50.44 0 5.87 0|1 all
chr22 22269482 22275306 5.824 NA12878 all 0|1 0|1 3000 1.86 0 0.15 1|1 all
chr22 23968094 23973155 5.061 NA12878 all nomappability nomappability nomappability 100 0 0 nomappability all
chr22 46858222 46887919 29.697 NA12878 all 0|0 2010 2010 91.68 3.21 3.21 0|1 all
chr3 26315756 26317864 2.108 NA12878 all 0|0 2020 1030 6.94 4.2 4.29 1|0 all
chr3 28414483 28420104 5.621 NA12878 all 0|1 0|1 4000 1.52 0 0.47 1|1 all
chr3 44699502 44700793 1.291 NA12878 all 1|1 1|1 0201 3.62 0 0.12 1|0 all
chr3 49742844 49767687 24.843 NA12878 all 0|0 0|0 0|0 64.74 0 0 0|1 all
chr3 60860578 60860909 0.331 NA12878 all 0|0 2020 4000 0.11 1.22 2.19 0|1 all
chr3 75454477 75455715 1.238 NA12878 all 0|0 2020 2020 2.81 1.14 1.14 1|0 all
chr3 75667739 75704009 36.27 NA12878 all 0|0 2020 2200 0.92 126.37 144.72 0|1 all
chr3 125855700 125868454 12.754 NA12878 all nomappability nomappability nomappability 100 0 0 nomappability all
chr3 125883790 125919680 35.89 NA12878 all 0|0 2020 2020 38.69 49.67 49.67 0|1 all
chr3 131969891 131977817 7.926 NA12878 all 0|0 0|0 0|0 22.66 0 0 1|0 all
chr3 162827166 162830242 3.076 NA12878 all 1|1 1|1 0200 2.39 0 1.45 1|0 all
chr3 183660213 183683770 23.557 NA12878 all 0|0 0010 0010 61.49 2.59 2.59 1|0 all
chr3 187413814 187428794 14.98 NA12878 all 1|1 1|1 0202 30.13 0 5.4 1|0 all
chr3 195680054 195724206 44.152 NA12878 all nomappability nomappability nomappability 100 0 0 nomappability all
chr3 195680866 195953122 272.256 NA12878 all 0|0 2020 2020 371.24 387.93 387.93 1|0 all
chr3 195749463 195980207 230.744 NA12878 all 0|0 2020 2020 365.93 292.65 292.65 1|0 all
chr4 10001 39517 29.516 NA12878 all 0|0 0000 0000 0 0.9 0.9 1|1 all
chr4 4013226 4019502 6.276 NA12878 all 0|0 2020 2020 8.25 8.42 8.42 1|0 all
chr4 8952898 9455287 502.389 NA12878 all 0|0 2020 2020 124.49 547.96 547.96 0|1 all
chr4 33098028 33105103 7.075 NA12878 all 0|0 0|0 0|0 23.49 0 0 1|0 all
chr4 40233408 40235417 2.009 NA12878 all 0|0 1011 1100 0.8 0.2 0.59 0|1 all
chr4 68826254 68849811 23.557 NA12878 all nomappability nomappability nomappability 100 0 0 nomappability all
chr4 83646299 83677057 30.758 NA12878 all 0|0 0|0 0|0 77.79 0 0 0|1 all
chr4 87925788 87937587 11.799 NA12878 all 0|1 0|1 0|1 30.89 0 0 1|1 all
chr4 124001195 124030150 28.955 NA12878 all 0|0 0|0 0|0 72.53 0 0 1|0 all
chr4 145693639 145694547 0.908 NA12878 all nomappability nomappability nomappability 100 0 0 nomappability all
chr4 156904333 156912852 8.519 NA12878 all 0|0 0|0 0|0 26.46 0 0 1|0 all
chr4 169358121 169388085 29.964 NA12878 all 0|0 0|0 0|0 73.83 0 0 0|1 all
chr4 187948401 187956559 8.158 NA12878 all 0|0 2020 2020 19.95 2.95 2.95 1|0 all
chr4 190093264 190204554 111.29 NA12878 all 1|0 2020 2200 1.11 74.88 85.14 1|1 all
chr5 254719 365488 110.769 NA12878 all 0|0 2010 2010 222.28 47.89 47.89 0|1 all
chr5 16979044 16979563 0.519 NA12878 all 0|0 2020 2020 3.01 2.52 2.52 1|0 all
chr5 17517913 17529984 12.071 NA12878 all 0|0 2020 2020 3.28 4.78 4.78 1|0 all
chr5 17580905 17592445 11.54 NA12878 all 0|0 0000 0000 0 1.81 1.81 1|0 all
chr5 20807032 20834774 27.742 NA12878 all 1|0 2020 2200 1.04 35.32 43.87 0|0 all
chr5 21479305 21500726 21.421 NA12878 all 0|1 2020 2200 0.04 17.94 20.13 0|0 all
chr5 29069208 29069516 0.308 NA12878 all nomappability nomappability nomappability 100 0 0 nomappability all
chr5 63181461 63205546 24.085 NA12878 all 0|0 0|0 0|0 70.16 0 0 1|0 all
chr5 64466169 64481804 15.635 NA12878 all 1|1 1|1 0202 24.93 0 29.4 0|1 all
chr5 64470928 64475118 4.19 NA12878 all 1|1 1|1 0202 13.15 0 7.55 0|1 all
chr5 69520281 69541840 21.559 NA12878 all nomappability nomappability nomappability 100 0 0 nomappability all
chr5 69622175 70999989 1377.814 NA12878 all 1|0 2020 1210 1.42 43.44 52.02 1|1 all
chr5 70527773 70533912 6.139 NA12878 all nomappability nomappability nomappability 100 0 0 nomappability all
chr5 71009586 71093997 84.411 NA12878 all nomappability nomappability nomappability 100 0 0 nomappability all
chr5 99579499 99733359 153.86 NA12878 all 0|0 0|0 0|0 419.42 0 0 0|1 all
chr5 100107173 100330994 223.821 NA12878 all 0|0 0|0 0|0 642.44 0 0 0|1 all
chr5 112179911 112236600 56.689 NA12878 all 0|0 0|0 0|0 175.76 0 0 1|0 all
chr5 116162226 116178336 16.11 NA12878 all 0|0 0|0 0|0 40.5 0 0 0|1 all
chr5 124425560 124546657 121.097 NA12878 all 0|0 0|0 0|0 378.02 0 0 1|0 all
chr5 152886744 152892275 5.531 NA12878 all 0|0 0000 0000 0 0.9 0.9 1|0 all
chr5 165731783 165751285 19.502 NA12878 all 0|0 0|0 0|0 53.45 0 0 1|0 all
chr5 175919196 175923360 4.164 NA12878 all nomappability nomappability nomappability 100 0 0 nomappability all
chr5 177946129 178003952 57.823 NA12878 all 0|0 2020 2020 24.77 74.73 74.73 0|1 all
chr5 179633879 179658538 24.659 NA12878 all 1|1 1|1 0202 24.69 0 30.6 1|0 all
chr5 181095855 181103506 7.651 NA12878 all 0|0 2020 2020 11.52 11.05 11.05 1|0 all
chr5 181305635 181528258 222.623 NA12878 all nomappability nomappability nomappability 100 0 0 nomappability all
chr6 10001 144018 134.017 NA12878 all 0|0 2020 4000 0.59 3.95 6.01 0|1 all
chr6 255825 384491 128.666 NA12878 all 0|0 1011 2110 65.33 248.38 346.93 0|1 all
chr6 26736772 26739621 2.849 NA12878 all 0|1 1011 2002 3.78 1.6 5.9 0|0 all
chr6 26760528 26763531 3.003 NA12878 all 1|1 1|1 0004 2.44 0 4.02 0|1 all
chr6 32645666 32647977 2.311 NA12878 all 0|0 0010 0010 3.38 1.43 1.43 1|0 all
chr6 33684429 33694208 9.779 NA12878 all 0|0 2020 2020 33.31 8.71 8.71 1|0 all
chr6 52055236 52071310 16.074 NA12878 all 0|0 1020 1020 49.46 2.54 2.54 1|0 all
chr6 76111918 76156578 44.66 NA12878 all 0|0 1020 1020 117.11 11.15 11.15 1|0 all
chr6 89213912 89214212 0.3 NA12878 all 0|0 0000 0000 0 1.81 1.81 1|1 all
chr6 94031360 94031695 0.335 NA12878 all 0|1 0|1 0004 0.11 0 1.18 1|1 all
chr6 106720699 106723629 2.93 NA12878 all 1|1 1|1 0202 4.45 0 2.33 1|0 all
chr6 118754269 118767807 13.538 NA12878 all 0|0 0|0 0|0 49.08 0 0 1|0 all
chr6 123106041 123109834 3.793 NA12878 all 0|0 0|0 0|0 10.1 0 0 1|0 all
chr6 130527041 130531308 4.267 NA12878 all 0|0 0|0 0|0 12.2 0 0 1|0 all
chr6 141867314 141896472 29.158 NA12878 all 0|0 0|0 0|0 85.71 0 0 1|0 all
chr6 150154234 150169764 15.53 NA12878 all 0|0 0|0 0|0 47.44 0 0 0|1 all
chr6 153422309 153430731 8.422 NA12878 all 0|0 0|0 0|0 31.78 0 0 0|1 all
chr6 167181002 167390978 209.976 NA12878 all 0|0 2020 2020 406.66 280.65 280.65 1|0 all
chr6 167197697 167357575 159.878 NA12878 all 0|0 2020 2020 378.38 154.66 154.66 1|0 all
chr6 168056800 168063710 6.91 NA12878 all 0|0 2020 2020 23.4 7.33 7.33 0|1 all
chr6 170656404 170795978 139.574 NA12878 all 0|0 0000 0000 0 2.71 2.71 1|1 all
chr7 5989046 6735643 746.597 NA12878 all 0|1 0|1 0|1 2110.91 0 0 0|0 all
chr7 19469714 19504865 35.151 NA12878 all 0|0 0|0 0|0 89.67 0 0 0|1 all
chr7 32736428 32960333 223.905 NA12878 all 0|0 2020 2020 412.18 69.16 69.16 0|1 all
chr7 33990521 34010283 19.762 NA12878 all 0|0 0|0 0|0 55.01 0 0 1|0 all
chr7 40839737 40840871 1.134 NA12878 all 0|1 0|1 1002 3.96 0 0.27 1|1 all
chr7 47614228 47615367 1.139 NA12878 all 0|0 2020 2020 4.89 1.33 1.33 1|0 all
chr7 54220527 54321680 101.153 NA12878 all 1|1 1|1 1|1 224.34 0 0 1|0 all
chr7 56428807 56698744 269.937 NA12878 all 0|0 0|0 0|0 705.38 0 0 0|1 all
chr7 56952526 57088439 135.913 NA12878 all 0|0 2020 2200 0 5.3 5.3 1|1 all
chr7 57486117 57496696 10.579 NA12878 all 0|0 2020 2110 9.02 44.29 52.51 0|1 all
chr7 57641572 57838971 197.399 NA12878 all 0|0 2020 2020 149.6 289.36 289.36 1|0 all
chr7 63356275 63388165 31.89 NA12878 all 0|0 1020 1020 50.58 5.98 5.98 1|0 all
chr7 63729711 63844058 114.347 NA12878 all 0|0 2020 2020 44.64 89.99 89.99 0|1 all
chr7 65219157 65531823 312.666 NA12878 all 0|0 0|0 0|0 727.76 0 0 1|0 all
chr7 65565114 65640018 74.904 NA12878 all 0|0 2020 2020 17.98 63.32 63.32 1|0 all
chr7 65793712 65822478 28.766 NA12878 all 0|0 1020 1020 61.16 3.28 3.28 1|0 all
chr7 67019303 67020154 0.851 NA12878 all 0|0 2020 2020 3.1 3.13 3.13 0|1 all
chr7 70955927 70973947 18.02 NA12878 all 1|1 1|1 1|1 43.45 0 0 0|1 all
chr7 73113989 74799029 1685.04 NA12878 all 0|0 1020 1020 3764.55 111.28 111.28 1|0 all
chr7 74799030 75279451 480.421 NA12878 all 0|0 2020 2020 215.53 575.82 575.82 0|1 all
chr7 76603963 76620409 16.446 NA12878 all nomappability nomappability nomappability 100 0 0 nomappability all
chr7 77046871 77159733 112.862 NA12878 all 0|0 2020 2020 28.3 57.5 57.5 0|1 all
chr7 97445826 97459601 13.775 NA12878 all 0|0 0|0 0|0 38.76 0 0 1|0 all
chr7 107418073 107423252 5.179 NA12878 all 1|1 1|1 1|1 10.18 0 0 1|0 all
chr7 143716562 143750998 34.436 NA12878 all 1|0 1110 0220 48.62 4.17 54.29 1|1 all
chr7 143779394 143798726 19.332 NA12878 all 0|0 0000 0000 0 0.9 0.9 1|1 all
chr7 143808752 143818413 9.661 NA12878 all nomappability nomappability nomappability 100 0 0 nomappability all
chr7 143871170 144184212 313.042 NA12878 all 0|0 0|0 0|0 837.33 0 0 0|1 all
chr7 144244274 144306700 62.426 NA12878 all 0|1 2020 2101 0.86 27.39 33.86 1|1 all
chr7 144254564 144256766 2.202 NA12878 all 0|1 1011 2101 0.8 4.16 5.99 1|1 all
chr7 144287485 144362146 74.661 NA12878 all 0|1 2020 4000 0.05 3.25 5.71 0|0 all
chr7 152402450 152407535 5.085 NA12878 all 0|1 2020 2200 0.75 20.24 28.57 0|0 all
chr7 155308354 155353241 44.887 NA12878 all 0|0 2020 2020 110.54 50.99 50.99 1|0 all
chr8 10001 153338 143.337 NA12878 all 0|0 0000 0000 0 0.9 0.9 1|1 all
chr8 974941 1033079 58.138 NA12878 all nomappability nomappability nomappability 100 0 0 nomappability all
chr8 2235760 2483306 247.546 NA12878 all 0|1 2020 1102 0.14 31.4 40.5 1|1 all
chr8 2340294 2382351 42.057 NA12878 all 0|1 2020 2101 1.99 11.85 17.12 1|1 all
chr8 6297003 6300627 3.624 NA12878 all 1|1 1|1 0102 8.97 0 1.25 0|1 all
chr8 7301024 12598379 5297.355 NA12878 all 1|1 1|1 0202 9258.41 0 3188.28 1|0 all
chr8 7927122 8236465 309.343 NA12878 all 1|1 2020 0202 12.74 36.7 87.97 0|1 all
chr8 12369152 12394133 24.981 NA12878 all 0|0 0000 0000 0 9.94 9.94 1|1 all
chr8 43237792 43241899 4.107 NA12878 all 0|0 1110 1110 2.54 4.41 4.41 1|0 all
chr8 66830553 66848743 18.19 NA12878 all 0|0 0|0 0|0 50.67 0 0 1|0 all
chr8 85728658 85741892 13.234 NA12878 all 0|0 0000 0000 0 0.9 0.9 1|1 all
chr8 85741974 85762792 20.818 NA12878 all 1|1 2020 2200 0.15 5.67 8.14 1|0 all
chr8 85769984 85821716 51.732 NA12878 all 0|0 0000 0000 0 0.9 0.9 1|1 all
chr8 102423261 102423781 0.52 NA12878 all 0|0 1|0 1100 0 0 0 1|0 all
chr8 102880337 102881094 0.757 NA12878 all 0|0 2020 2110 1.97 2.17 2.45 1|0 all
chr8 119496995 119513594 16.599 NA12878 all 0|0 0|0 0|0 55.54 0 0 0|1 all
chr8 121308010 121333046 25.036 NA12878 all 0|0 0|0 0|0 62.46 0 0 1|0 all
chr8 143912248 143952547 40.299 NA12878 all 0|0 2010 2010 86.23 3.98 3.98 0|1 all
chr9 10001 26091 16.09 NA12878 all 0|1 2020 2200 0.08 7.63 10.06 1|1 all
chr9 12016540 12071845 55.305 NA12878 all 0|0 0|0 0|0 135.45 0 0 0|1 all
chr9 20267048 20291167 24.119 NA12878 all 0|0 1020 1020 57.05 11.4 11.4 1|0 all
chr9 30951701 30957296 5.595 NA12878 all 0|0 0|0 0|0 11.68 0 0 1|0 all
chr9 38773640 42796744 4023.104 NA12878 all 0|0 2020 2200 57.5 2050.48 2166.13 0|1 all
chr9 39962935 40027759 64.824 NA12878 all nomappability nomappability nomappability 100 0 0 nomappability all
chr9 62879128 62935061 55.933 NA12878 all 1|1 2020 1201 1.02 11.6 16.93 1|0 all
chr9 64028785 64068456 39.671 NA12878 all 1|1 1|1 0202 24.89 0 47.09 0|1 all
chr9 83900894 85828533 1927.639 NA12878 all 0|0 0|0 0|0 5325.48 0 0 1|0 all
chr9 85796066 85802092 6.026 NA12878 all 0|0 2020 1030 5.36 6.97 7.63 1|0 all
chr9 87933866 88157581 223.715 NA12878 all 0|0 2010 2010 544.68 13.07 13.07 0|1 all
chr9 87942697 88110273 167.576 NA12878 all 0|0 0|0 0|0 471.59 0 0 0|1 all
chr9 91958951 91959714 0.763 NA12878 all 0|0 0|0 0|0 2.7 0 0 1|0 all
chr9 102565834 102570280 4.446 NA12878 all 0|0 0|0 0|0 10.62 0 0 0|1 all
chr9 113105212 113119361 14.149 NA12878 all 1|1 1|1 0301 6.57 0 12.02 1|0 all
chr9 123976300 123994301 18.001 NA12878 all 1|1 1|1 0202 39.19 0 22.78 1|0 all
chr9 129425466 129443855 18.389 NA12878 all 0|0 2020 2110 23.35 46.02 56.01 0|1 all
chr9 138191166 138236437 45.271 NA12878 all 1|0 2020 0040 0.26 4.94 11.32 0|0 all
chrX 93514 134755 41.241 NA12878 all nomappability nomappability nomappability 100 0 0 nomappability all
chrX 6219013 6220350 1.337 NA12878 all 0|1 0|1 0|1 2.35 0 0 0|0 all
chrX 14711417 14713197 1.78 NA12878 all 1|0 1|0 1|0 7.03 0 0 0|0 all
chrX 26782039 26793228 11.189 NA12878 all 0|0 0|0 0|0 31.26 0 0 1|0 all
chrX 30788650 30804883 16.233 NA12878 all 0|0 2020 2020 49.37 35.38 35.38 0|1 all
chrX 45687776 45692653 4.877 NA12878 all 0|0 2020 2020 6.22 3.98 3.98 0|1 all
chrX 48395425 48399999 4.574 NA12878 all 0|0 2020 1030 3.78 2.67 2.73 1|0 all
chrX 51667497 51725813 58.316 NA12878 all 0|0 2020 2020 37.19 79.46 79.46 0|1 all
chrX 52040359 52214281 173.922 NA12878 all 0|1 0|1 2002 249.45 0 196.75 0|0 all
chrX 52472286 52540401 68.115 NA12878 all 1|1 1011 1201 18.2 26.35 90.44 0|1 all
chrX 52492351 52512326 19.975 NA12878 all 1|1 1|1 0202 33.97 0 31.58 0|1 all
chrX 52631288 52666799 35.511 NA12878 all 0|0 2020 2020 57.27 49.94 49.94 0|1 all
chrX 52880291 52974253 93.962 NA12878 all 1|0 1110 0220 57.14 27.02 105 1|1 all
chrX 55480173 55493066 12.893 NA12878 all 0|0 0|0 0|0 45.19 0 0 0|1 all
chrX 63182244 63195978 13.734 NA12878 all 0|1 0|1 2002 18.18 0 14.56 1|1 all
chrX 71702806 71778386 75.58 NA12878 all 0|0 2020 2200 0 3.2 3.2 1|1 all
chrX 72996080 73087487 91.407 NA12878 all 0|0 2020 2020 185.07 35.27 35.27 1|0 all
chrX 76141866 76153245 11.379 NA12878 all 1|0 1110 0220 11.59 3.18 16.62 0|0 all
chrX 95091181 95138752 47.571 NA12878 all 0|0 0|0 0|0 132.5 0 0 0|1 all
chrX 101597549 101616245 18.696 NA12878 all 1|0 1|0 0220 43.6 0 8.67 1|1 all
chrX 102317110 102370005 52.895 NA12878 all 0|1 0|1 2002 53.16 0 61.83 1|1 all
chrX 103954975 104083087 128.112 NA12878 all 1|1 1|1 0202 167.85 0 205.27 1|0 all
chrX 103988732 104050283 61.551 NA12878 all 1|1 1|1 0202 162.38 0 40.3 1|0 all
chrX 106266348 106300006 33.658 NA12878 all 0|0 2020 2020 39.11 39.07 39.07 0|1 all
chrX 112504686 112516959 12.273 NA12878 all 0|0 2010 2010 33.84 0.08 0.08 0|1 all
chrX 115725823 115730973 5.15 NA12878 all 0|0 2020 4000 1.47 0.38 0.38 1|0 all
chrX 120080218 120155581 75.363 NA12878 all 0|0 1020 1020 208.44 1.75 1.75 1|0 all
chrX 135116506 135256148 139.642 NA12878 all 0|1 1011 2002 188.54 4.06 216.56 1|1 all
chrX 135619380 135671695 52.315 NA12878 all 0|0 2020 2020 126.22 53.12 53.12 1|0 all
chrX 135718084 135867133 149.049 NA12878 all 1|0 1110 0220 51.51 34.31 120.74 0|0 all
chrX 135733566 135749746 16.18 NA12878 all 1|0 1|0 0120 43.43 0 4.89 0|0 all
chrX 135765867 135794758 28.891 NA12878 all nomappability nomappability nomappability 100 0 0 nomappability all
chrX 141110160 141232877 122.717 NA12878 all 0|0 0|0 0|0 338.76 0 0 1|0 all
chrX 141242121 141479853 237.732 NA12878 all 0|0 0|0 0|0 634.33 0 0 1|0 all
chrX 141573055 141601834 28.779 NA12878 all 1|0 1|0 0400 1.34 0 1.17 1|1 all
chrX 149599490 149655967 56.477 NA12878 all 0|0 1020 1020 159.25 16.23 16.23 1|0 all
chrX 149654272 149749154 94.882 NA12878 all 1|1 1|1 0202 129.58 0 157.56 0|1 all
chrX 149747302 149768782 21.48 NA12878 all 0|0 2020 2020 52.96 18.86 18.86 1|0 all
chrX 152678162 152789811 111.649 NA12878 all 1|0 2020 0220 35.18 62.35 131.07 0|0 all
chrX 153066069 153083948 17.879 NA12878 all 1|0 2020 0220 3.63 8.07 16.79 1|1 all
chrX 153067813 153293931 226.118 NA12878 all 1|1 1011 1201 136.07 42.84 289.88 0|1 all
chrX 153257733 154219555 961.822 NA12878 all 0|0 2020 2020 2385.61 576.47 576.47 0|1 all
chrX 154339397 154392751 53.354 NA12878 all 0|0 2020 2020 92.48 71.42 71.42 1|0 all
chrX 154549470 154555683 6.213 NA12878 all 1|0 1110 2200 0.7 15.34 20.32 0|0 all
chrX 154555918 154649833 93.915 NA12878 all 0|0 2020 2020 68.79 160.63 160.63 1|0 all
chrX 155366834 155467470 100.636 NA12878 all 0|0 2020 2020 167.91 43.12 43.12 1|0 all
chrX 155384039 155457099 73.06 NA12878 all 0|0 0|0 0|0 158.37 0 0 1|0 all
chrX 155708209 156030894 322.685 NA12878 all 0|0 1020 1020 762.5 12.65 12.65 1|0 all
